% -------------------------------------------------------------------
%  Generated by MATLAB on 16-Feb-2017 15:48:34
%  MATLAB version: 8.5.0.197613 (R2015a)
% -------------------------------------------------------------------
                                

f_chirp = [0.5625 0.55444444444444441 0.54694444444444446 0.54 0.53361111111111115 ...
           0.52777777777777779 0.5225 0.51777777777777778 0.51361111111111113 ...
           0.51 0.50694444444444442 0.50444444444444447 0.5025 0.50111111111111106 ...
           0.50027777777777782 0.5 0.50027777777777782 0.50111111111111106 ...
           0.5025 0.50444444444444447 0.50694444444444442 0.51 0.51361111111111113 ...
           0.51777777777777778 0.5225 0.52777777777777779 0.53361111111111115 ...
           0.54 0.54694444444444446 0.55444444444444441 0.5625 0.57111111111111112 ...
           0.58027777777777778 0.59000000000000008 0.6002777777777778 0.61111111111111116 ...
           0.62249999999999994 0.63444444444444448 0.64694444444444443 ...
           0.66 0.673611111111111 0.68777777777777782 0.7024999999999999 ...
           0.71777777777777785 0.733611111111111 0.75 0.76694444444444443 ...
           0.7844444444444445 0.8025 0.82111111111111112 0.8402777777777779 ...
           0.86 0.88027777777777783 0.90111111111111108 0.9225000000000001 ...
           0.94444444444444442 0.96694444444444438 0.99 1.013611111111111 ...
           1.0377777777777777 1.0625 1.0877777777777777 1.1136111111111109 ...
           1.1400000000000001 1.1669444444444443 1.1944444444444442 1.2225000000000001 ...
           1.2511111111111113 1.2802777777777776 1.3099999999999998 1.3402777777777779 ...
           1.3711111111111112 1.4024999999999999 1.4344444444444442 1.4669444444444446 ...
           1.5 1.533611111111111 1.5677777777777775 1.6025 1.6377777777777778 ...
           1.6736111111111109 1.7100000000000002 1.7469444444444444 1.7844444444444443 ...
           1.8224999999999998 1.8611111111111114 1.9002777777777777 1.94 ...
           1.9802777777777776 2.0211111111111113 2.0625 2.1044444444444443 ...
           2.1469444444444448 2.1900000000000004 2.2336111111111112 2.2777777777777777 ...
           2.3225000000000002 2.3677777777777775 2.4136111111111109 2.46 ...
           2.5069444444444446 2.5544444444444445 2.6025 2.6511111111111116 ...
           2.700277777777778 2.75 2.8002777777777776 2.8511111111111114 ...
           2.9025000000000003 2.9544444444444444 3.0069444444444442 3.0600000000000005 ...
           3.1136111111111111 3.1677777777777778 3.2224999999999997 3.2777777777777781 ...
           3.3336111111111113 3.3899999999999997 3.446944444444445 3.5044444444444447 ...
           3.5625 3.6211111111111109 3.6802777777777775 3.7399999999999993 ...
           3.8002777777777768 3.8611111111111116 3.9225000000000003 3.9844444444444447 ...
           4.0469444444444438 4.1099999999999994 4.1736111111111107 4.2377777777777785 ...
           4.3025 4.3677777777777784 4.4336111111111114 4.5 4.5669444444444443 ...
           4.6344444444444441 4.7025 4.77111111111111 4.8402777777777786 ...
           4.91 4.9802777777777782 5.0511111111111111 5.1225 5.1944444444444438 ...
           5.2669444444444453 5.3400000000000007 5.4136111111111118 5.4877777777777776 ...
           5.5625 5.6377777777777771 5.7136111111111108 5.7899999999999991 ...
           5.8669444444444432 5.9444444444444455 6.0225000000000009 6.1011111111111109 ...
           6.1802777777777775 6.26 6.3402777777777768 6.4211111111111121 ...
           6.5025000000000013 6.5844444444444452 6.6669444444444448 6.75 ...
           6.8336111111111109 6.9177777777777774 7.0024999999999995 7.0877777777777791 ...
           7.1736111111111116 7.2600000000000007 7.3469444444444445 7.434444444444444 ...
           7.5225 7.6111111111111107 7.7002777777777762 7.7900000000000009 ...
           7.8802777777777786 7.971111111111111 8.0625];

